2300101,ABAIARA,-39,047547,-7,356977
2300150,ACARAPE,-38,705624,-4,223138
2300200,ACARAU,-40,118241,-2,885311
2300309,ACOPIARA,-39,455705,-6,092762
2300408,AIUABA,-40,123160,-6,563298
2300507,ALCANTARAS,-40,544638,-3,586984
2300606,ALTANEIRA,-39,745821,-6,997498
2300705,ALTOSANTO,-38,272778,-5,522082
2300754,AMONTADA,-39,828823,-3,364878
2300804,ANTONINADONORTE,-39,982387,-6,779688
2300903,APUIARES,-39,430423,-3,948019
2301000,AQUIRAZ,-38,389803,-3,906195
2301109,ARACATI,-37,772753,-4,567066
2301208,ARACOIABA,-38,809441,-4,370394
2301257,ARARENDA,-40,831097,-4,751938
2301307,ARARIPE,-40,137446,-7,206184
2301406,ARATUBA,-39,047555,-4,416931
2301505,ARNEIROZ,-40,161444,-6,319426
2301604,ASSARE,-39,871275,-6,872607
2301703,AURORA,-38,976991,-6,940392
2301802,BAIXIO,-38,720126,-6,727162
2301851,BANABUIU,-38,925785,-5,315047
2301901,BARBALHA,-39,302316,-7,307172
2301950,BARREIRA,-38,638502,-4,288762
2302008,BARRO,-38,779881,-7,168209
2302057,BARROQUINHA,-41,139482,-3,009117
2302107,BATURITE,-38,880021,-4,331205
2302206,BEBERIBE,-38,123273,-4,174763
2302305,BELACRUZ,-40,166843,-3,055107
2302404,BOAVIAGEM,-39,733282,-5,125744
2302503,BREJOSANTO,-38,985514,-7,491638
2302602,CAMOCIM,-40,847528,-2,900967
2302701,CAMPOSSALES,-40,379003,-7,073384
2302800,CANINDE,-39,310343,-4,355344
2302909,CAPISTRANO,-38,901829,-4,459897
2303006,CARIDADE,-39,193033,-4,224960
2303105,CARIRE,-40,473845,-3,951612
2303204,CARIRIACU,-39,284372,-7,041528
2303303,CARIUS,-39,497689,-6,531128
2303402,CARNAUBAL,-40,935632,-4,163989
2303501,CASCAVEL,-38,239686,-4,131434
2303600,CATARINA,-39,879466,-6,127556
2303659,CATUNDA,-40,205804,-4,651549
2303709,CAUCAIA,-38,664018,-3,736487
2303808,CEDRO,-39,059743,-6,604961
2303907,CHAVAL,-41,244596,-3,038901
2303931,CHORO,-39,137468,-4,842516
2303956,CHOROZINHO,-38,501286,-4,302171
2304004,COREAU,-40,656951,-3,549488
2304103,CRATEUS,-40,668400,-5,176951
2304202,CRATO,-39,408390,-7,231753
2304236,CROATA,-40,909045,-4,414057
2304251,CRUZ,-40,171279,-2,916708
2304269,DEPUTADOIRAPUANPINHEIRO,-39,261542,-5,908962
2304277,ERERE,-38,347259,-6,031333
2304285,EUSEBIO,-38,445122,-3,886973
2304301,FARIASBRITO,-39,570835,-6,927110
2304350,FORQUILHA,-40,258769,-3,798958
2304400,FORTALEZA,-38,589928,-3,723805
2304459,FORTIM,-37,798975,-4,449805
2304509,FRECHEIRINHA,-40,821405,-3,760612
2304608,GENERALSAMPAIO,-39,453530,-4,051041
2304657,GRACA,-40,755525,-4,046939
2304707,GRANJA,-40,829939,-3,118952
2304806,GRANJEIRO,-39,220309,-6,888884
2304905,GROAIRAS,-40,382146,-3,911954
2304954,GUAIUBA,-38,634435,-4,040244
2305001,GUARACIABADONORTE,-40,752633,-4,162451
2305100,GUARAMIRANGA,-38,940633,-4,262051
2305209,HIDROLANDIA,-40,401817,-4,407999
2305233,HORIZONTE,-38,494240,-4,093278
2305266,IBARETAMA,-38,821678,-4,818652
2305308,IBIAPINA,-40,893929,-3,936131
2305332,IBICUITINGA,-38,640863,-4,969166
2305357,ICAPUI,-37,353563,-4,715549
2305407,ICO,-38,863085,-6,403031
2305506,IGUATU,-39,299906,-6,360555
2305605,INDEPENDENCIA,-40,309348,-5,398028
2305654,IPAPORANGA,-40,757966,-4,900630
2305704,IPAUMIRIM,-38,715904,-6,788361
2305803,IPU,-40,718726,-4,313432
2305902,IPUEIRAS,-40,715697,-4,543785
2306009,IRACEMA,-38,304662,-5,809843
2306108,IRAUCUBA,-39,792238,-3,745419
2306207,ITAICABA,-37,821630,-4,683405
2306256,ITAITINGA,-38,526405,-3,970459
2306306,ITAPAGE,-39,583533,-3,685673
2306405,ITAPIPOCA,-39,583482,-3,499436
2306504,ITAPIUNA,-38,920674,-4,554740
2306553,ITAREMA,-39,915678,-2,923348
2306603,ITATIRA,-39,617904,-4,528923
2306702,JAGUARETAMA,-38,762526,-5,610890
2306801,JAGUARIBARA,-38,463097,-5,457502
2306900,JAGUARIBE,-38,623005,-5,886459
2307007,JAGUARUANA,-37,782391,-4,839555
2307106,JARDIM,-39,284164,-7,585536
2307205,JATI,-39,005139,-7,692742
2307254,JIJOCADEJERICOACOARA,-40,438735,-2,899683
2307304,JUAZEIRODONORTE,-39,316993,-7,210766
2307403,JUCAS,-39,526776,-6,522549
2307502,LAVRASDAMANGABEIRA,-38,967275,-6,754748
2307601,LIMOEIRODONORTE,-38,099095,-5,150239
2307635,MADALENA,-39,575789,-4,852434
2307650,MARACANAU,-38,624419,-3,876964
2307700,MARANGUAPE,-38,685851,-3,891869
2307809,MARCO,-40,151644,-3,120707
2307908,MARTINOPOLE,-40,699355,-3,225012
2308005,MASSAPE,-40,342135,-3,523871
2308104,MAURITI,-38,772795,-7,387398
2308203,MERUOCA,-40,450881,-3,539007
2308302,MILAGRES,-38,943157,-7,310428
2308351,MILHA,-39,203574,-5,679564
2308377,MIRAIMA,-39,970065,-3,568600
2308401,MISSAOVELHA,-39,145198,-7,243232
2308500,MOMBACA,-39,624405,-5,747005
2308609,MONSENHORTABOSA,-40,070067,-4,783091
2308708,MORADANOVA,-38,364907,-5,096952
2308807,MORAUJO,-40,683599,-3,466363
2308906,MORRINHOS,-40,124179,-3,228831
2309003,MUCAMBO,-40,745280,-3,906030
2309102,MULUNGU,-38,993066,-4,299528
2309201,NOVAOLINDA,-39,679485,-7,084103
2309300,NOVARUSSAS,-40,565303,-4,706808
2309409,NOVOORIENTE,-40,774767,-5,533865
2309458,OCARA,-38,598538,-4,485067
2309508,OROS,-38,913596,-6,242799
2309607,PACAJUS,-38,467022,-4,170541
2309706,PACATUBA,-38,618299,-3,986120
2309805,PACOTI,-38,925889,-4,224765
2309904,PACUJA,-40,696736,-3,978394
2310001,PALHANO,-37,966235,-4,743945
2310100,PALMACIA,-38,845029,-4,148982
2310209,PARACURU,-39,029545,-3,411635
2310258,PARAIPABA,-39,148116,-3,436197
2310308,PARAMBU,-40,694207,-6,210336
2310407,PARAMOTI,-39,239466,-4,097432
2310506,PEDRABRANCA,-39,713938,-5,454686
2310605,PENAFORTE,-39,074128,-7,829915
2310704,PENTECOSTE,-39,267009,-3,796267
2310803,PEREIRO,-38,459136,-6,045077
2310852,PINDORETAMA,-38,300088,-4,027804
2310902,PIQUETCARNEIRO,-39,419406,-5,808570
2310951,PIRESFERREIRA,-40,646541,-4,242154
2311009,PORANGA,-40,926380,-4,743951
2311108,PORTEIRAS,-39,115331,-7,535746
2311207,POTENGI,-40,032133,-7,090179
2311231,POTIRETAMA,-38,157918,-5,721668
2311264,QUITERIANOPOLIS,-40,704489,-5,847009
2311306,QUIXADA,-39,011745,-4,963700
2311355,QUIXELO,-39,202294,-6,251212
2311405,QUIXERAMOBIM,-39,294354,-5,198405
2311504,QUIXERE,-37,990522,-5,068729
2311603,REDENCAO,-38,729571,-4,222958
2311702,RERIUTABA,-40,584612,-4,141568
2311801,RUSSAS,-37,975431,-4,939738
2311900,SABOEIRO,-39,904581,-6,536433
2311959,SALITRE,-40,464752,-7,284529
2312007,SANTANADOACARAU,-40,209463,-3,459775
2312106,SANTANADOCARIRI,-39,737980,-7,180898
2312205,SANTAQUITERIA,-40,153508,-4,333271
2312304,SAOBENEDITO,-40,864490,-4,044727
2312403,SAOGONCALODOAMARANTE,-38,972076,-3,605633
2312502,SAOJOAODOJAGUARIBE,-38,271941,-5,268631
2312601,SAOLUISDOCURU,-39,241606,-3,673009
2312700,SENADORPOMPEU,-39,375325,-5,589344
2312809,SENADORSA,-40,463792,-3,351790
2312908,SOBRAL,-40,348668,-3,688038
2313005,SOLONOPOLE,-39,008225,-5,726351
2313104,TABULEIRODONORTE,-38,129737,-5,243804
2313203,TAMBORIL,-40,319069,-4,833929
2313252,TARRAFAS,-39,758494,-6,682590
2313302,TAUA,-40,292625,-6,002999
2313351,TEJUCUOCA,-39,576826,-3,989712
2313401,TIANGUA,-40,991706,-3,722674
2313500,TRAIRI,-39,272232,-3,264420
2313559,TURURU,-39,434364,-3,595595
2313609,UBAJARA,-40,907144,-3,848491
2313708,UMARI,-38,701326,-6,647244
2313757,UMIRIM,-39,342384,-3,675562
2313807,URUBURETAMA,-39,508178,-3,623017
2313906,URUOCA,-40,561163,-3,313231
2313955,VARJOTA,-40,478993,-4,182822
2314003,VARZEAALEGRE,-39,298933,-6,791846
2314102,VICOSADOCEARA,-41,091629,-3,566013